param K := 10;
param eps := 0.001;

set Ct:= SC1 SC2 SC3 SC4;
set M := MS1_1 MS1_2 MS1_3 MS1_4 MS1_5 MS2_1 MS2_2 MS2_3 MS2_4 MS2_5 MS3_1 MS3_2 MS3_3 MS3_4 MS3_5 MS4_1 MS4_2 MS4_3 MS4_4 MS4_5;
set F := F1 F2 F3 F4 F5 F6 F7 F8 F9 F10;
set C["SC1"] := MS1_1 MS1_2 MS1_3 MS1_4 MS1_5;
set C["SC2"] := MS2_1 MS2_2 MS2_3 MS2_4 MS2_5;
set C["SC3"] := MS3_1 MS3_2 MS3_3 MS3_4 MS3_5;
set C["SC4"] := MS4_1 MS4_2 MS4_3 MS4_4 MS4_5;

param:      lm      Sm      Om      :=
MS1_1       150.0       0.0026119995025665065      0.0026119995025665065
MS1_2       150.0       0.0027281936081750614      0.0027281936081750614
MS1_3       150.0       0.0020617137171224497      0.0020617137171224497
MS1_4       150.0       0.0010862093892150511      0.0010862093892150511
MS1_5       150.0       0.0015118837829209315      0.0015118837829209315
MS2_1       150.0       0.0021008139004648286      0.0021008139004648286
MS2_2       150.0       0.0007849527454345216      0.0007849527454345216
MS2_3       150.0       0.001562623605324589      0.001562623605324589
MS2_4       150.0       0.004107159302534493      0.004107159302534493
MS2_5       150.0       0.001444450446241568      0.001444450446241568
MS3_1       150.0       0.001401472857297592      0.001401472857297592
MS3_2       150.0       0.0022596550760222997      0.0022596550760222997
MS3_3       150.0       0.0016864162786885952      0.0016864162786885952
MS3_4       150.0       0.003205087279702353      0.003205087279702353
MS3_5       150.0       0.00144736850828916      0.00144736850828916
MS4_1       150.0       5.0418025384737495e-05      5.0418025384737495e-05
MS4_2       150.0       0.0025353085221440095      0.0025353085221440095
MS4_3       150.0       0.002011892471332654      0.002011892471332654
MS4_4       150.0       0.0033876108114433943      0.0033876108114433943
MS4_5       150.0       0.002014770169695205      0.002014770169695205
;

param:  lc  :=
SC1   150.0
SC2   150.0
SC3   150.0
SC4   150.0
;

param   P   :=
 F1  1.0
 F2  1.0
 F3  1.0
 F4  1.0
 F5  1.0
 F6  1.0
 F7  1.0
 F8  1.0
 F9  1.0
 F10  1.0
;

param   o:    MS1_1    MS1_2    MS1_3    MS1_4    MS1_5    MS2_1    MS2_2    MS2_3    MS2_4    MS2_5    MS3_1    MS3_2    MS3_3    MS3_4    MS3_5    MS4_1    MS4_2    MS4_3    MS4_4    MS4_5    :=
    MS1_1    0    0    0    0    0    0    0    0    0    0    0    0    0    0    0    0    0    0    0    0
    MS1_2    1    0    0    0    0    0    0    0    0    0    0    0    0    0    0    0    0    0    0    0
    MS1_3    0    1    0    0    0    0    0    0    0    0    0    0    0    0    0    0    0    0    0    0
    MS1_4    0    0    1    0    0    0    0    0    0    0    0    0    0    0    0    0    0    0    0    0
    MS1_5    0    0    0    1    0    0    0    0    0    0    0    0    0    0    0    0    0    0    0    0
    MS2_1    0    0    0    0    0    0    0    0    0    0    0    0    0    0    0    0    0    0    0    0
    MS2_2    0    0    0    0    0    1    0    0    0    0    0    0    0    0    0    0    0    0    0    0
    MS2_3    0    0    0    0    0    0    1    0    0    0    0    0    0    0    0    0    0    0    0    0
    MS2_4    0    0    0    0    0    0    0    1    0    0    0    0    0    0    0    0    0    0    0    0
    MS2_5    0    0    0    0    0    0    0    0    1    0    0    0    0    0    0    0    0    0    0    0
    MS3_1    0    0    0    0    0    0    0    0    0    0    0    0    0    0    0    0    0    0    0    0
    MS3_2    0    0    0    0    0    0    0    0    0    0    1    0    0    0    0    0    0    0    0    0
    MS3_3    0    0    0    0    0    0    0    0    0    0    0    1    0    0    0    0    0    0    0    0
    MS3_4    0    0    0    0    0    0    0    0    0    0    0    0    1    0    0    0    0    0    0    0
    MS3_5    0    0    0    0    0    0    0    0    0    0    0    0    0    1    0    0    0    0    0    0
    MS4_1    0    0    0    0    0    0    0    0    0    0    0    0    0    0    0    0    0    0    0    0
    MS4_2    0    0    0    0    0    0    0    0    0    0    0    0    0    0    0    1    0    0    0    0
    MS4_3    0    0    0    0    0    0    0    0    0    0    0    0    0    0    0    0    1    0    0    0
    MS4_4    0    0    0    0    0    0    0    0    0    0    0    0    0    0    0    0    0    1    0    0
    MS4_5    0    0    0    0    0    0    0    0    0    0    0    0    0    0    0    0    0    0    1    0
;

param   d:    F1    F2    F3    F4    F5    F6    F7    F8    F9    F10    :=
    F1    0.0    0.0022661583963742844    0.002280140973454964    0.0014586774438685526    0.002024295843392557    0.002192855910355743    0.0016440636611227471    0.0021618848337819096    0.0023189536657681692    0.0023189536657681692
    F2    0.0022661583963742844    0.0    0.0021276498261358803    0.002069796657504306    0.0020735676377649096    0.0020684601610287106    0.0018757580954959089    0.0023189536657681692    0.00234983200512091    0.00234983200512091
    F3    0.002280140973454964    0.0021276498261358803    0.0    0.00165173242465634    0.0015156942509485286    0.0016283996089765883    0.0021618848337819096    0.00234983200512091    0.0024256335500461466    0.0024256335500461466
    F4    0.0014586774438685526    0.002069796657504306    0.00165173242465634    0.0    0.001774712567952057    0.0016440636611227471    0.0023189536657681692    0.0024256335500461466    0.002582893824740269    0.002582893824740269
    F5    0.002024295843392557    0.0020735676377649096    0.0015156942509485286    0.001774712567952057    0.0    0.0018757580954959089    0.00234983200512091    0.002582893824740269    0.0011907387905347264    0.0011907387905347264
    F6    0.002192855910355743    0.0020684601610287106    0.0016283996089765883    0.0016440636611227471    0.0018757580954959089    0.0    0.0024256335500461466    0.0011907387905347264    0.0023479074139486737    0.0023479074139486737
    F7    0.0016440636611227471    0.0018757580954959089    0.0021618848337819096    0.0023189536657681692    0.00234983200512091    0.0024256335500461466    0.0    0.0023479074139486737    0.002660224764936249    0.002660224764936249
    F8    0.0021618848337819096    0.0023189536657681692    0.00234983200512091    0.0024256335500461466    0.002582893824740269    0.0011907387905347264    0.0023479074139486737    0.0    0.0014893532536002215    0.0014893532536002215
    F9    0.0023189536657681692    0.00234983200512091    0.0024256335500461466    0.002582893824740269    0.0011907387905347264    0.0023479074139486737    0.002660224764936249    0.0014893532536002215    0.0    0.0017320769233313228
    F10    0.0023189536657681692    0.00234983200512091    0.0024256335500461466    0.002582893824740269    0.0011907387905347264    0.0023479074139486737    0.002660224764936249    0.0014893532536002215    0.0017320769233313228    0.0
;